alpha = 0.500: [5.999994e+00 1.000003e+00 1.785478e-06 1.785478e-06]
alpha = 0.900: [5.999998e+00 1.000001e+00 9.585532e-07 3.772646e-07]
